gene	lowMean	highMean	logFC	pValue	fdr
SUSD2	181.899111788618	77.590817816092	-1.22918066085599	7.34636401581238e-13	1.3142584760387e-11
LGI3	5.99993346883469	1.61539406130268	-1.89306036253532	7.73579874698297e-05	0.00025347240326227
NKAIN1	0.551753861788618	1.90350798212005	1.78656389243103	2.19808876246886e-10	2.35650835330278e-09
ADH1C	74.3685851626016	17.9764496807152	-2.04858520653306	6.58720256205021e-07	3.45639304017776e-06
ADH1B	22.0206611111111	7.87183071519796	-1.48408668182188	1.08589983457136e-13	2.31689720532041e-12
AC011944.1	1.4549487804878	0.668182439335888	-1.12265439342486	0.0104811923684558	0.0194366486184364
DLGAP5	10.184158401084	22.666438633461	1.15423096790514	6.18535538436352e-27	3.36116077433429e-24
IL36RN	2.07170819783198	4.59576998722861	1.14948578233871	1.54243450586291e-07	9.19800878684847e-07
HES2	1.5880243902439	4.03196002554278	1.34424826465378	1.70626211220007e-06	8.21888971441746e-06
TRIM15	1.0335472899729	3.46663735632184	1.74593252381998	2.40208530455577e-12	3.92205270994557e-11
IGKV1-8	65.1793520325203	30.9533791187739	-1.07431809570152	0.000181137105076588	0.000540273447887858
SLC6A4	2.08253719512195	0.920138952745849	-1.1784186149222	0.00030844652474457	0.000872983553404293
ARHGEF4	2.04598319783198	4.36827056194125	1.0942679193408	2.22720823626471e-08	1.58465319232435e-07
TMEM45A	12.5574155826558	25.2159069604087	1.00579454026719	2.83660401039821e-06	1.30422350821128e-05
KYNU	4.10299424119241	12.2304914431673	1.57573334068204	5.87465968076429e-07	3.11351591553826e-06
WFDC12	18.4893066395664	0.519772924648787	-5.15266582884581	9.07695156623095e-09	6.95632925452578e-08
LAMC2	71.8938403116531	243.703361813538	1.76118607824597	1.54131858060557e-25	4.46699813302504e-23
ANLN	13.0905132791328	41.3447213920817	1.65918148135801	2.96387218973118e-39	5.15387735072355e-35
PICSAR	0.64474810298103	3.32375140485313	2.36600495352429	0.00486680685465834	0.00995282893045441
AL008733.1	3.01948902439024	1.09013352490421	-1.46979957471061	1.78972783974391e-21	1.70063264509874e-19
MET	88.4935994579946	192.376001340996	1.12028381876938	1.78073057298757e-10	1.93411142621367e-09
RPL21P7	1.59683421409214	0.785292337164751	-1.02391281304276	1.25274980350514e-12	2.14621343183752e-11
DEPDC1	3.55025088075881	7.88941028097063	1.15199648825453	1.87142807061282e-24	3.69798439998708e-22
PADI1	2.18420826558266	5.06481162196679	1.21339818649355	2.27964544583339e-13	4.54595810293541e-12
LINC01108	1.72079369918699	0.388940932311622	-2.14545116962546	4.36507210322755e-07	2.3734908944035e-06
L1CAM	1.0286289295393	4.61098863346105	2.16435347510866	9.20128264768617e-06	3.75413195590368e-05
C1QL1	0.980526016260163	2.15189770114943	1.13398168037725	3.16091811486424e-13	6.12767057964039e-12
CD274	8.96521443089431	18.3413545338442	1.03269019270477	3.31718185382708e-07	1.85533854153101e-06
SMOX	10.6120876693767	22.8454991698595	1.10620146627677	4.20124913192865e-19	2.70062840406847e-17
ERO1A	61.7877034552846	128.654239719029	1.05810734394804	1.81773995405543e-31	6.32173601221397e-28
ATP5MC1P2	1.50639593495935	0.743997126436782	-1.01773205763674	6.08932038792385e-05	0.000204890077835928
NTSR1	0.215481029810298	4.01183844189017	4.21863073906034	1.42307388873881e-09	1.2808401579337e-08
AKR1B15	2.53658197831978	5.23667260536398	1.04576462405533	0.000290319993555913	0.000826112644075237
GJB4	0.542912127371274	2.22989808429119	2.03818715869855	1.4798221466133e-08	1.09547157545588e-07
ANKRD45	1.50822215447154	0.72637190293742	-1.05406864347955	1.22261934382193e-07	7.41039561973855e-07
ANO3	0.591679945799458	1.75855459770115	1.57150122408376	0.0132539095076492	0.0239179087543767
SKA1	4.33966741192412	9.9975058109834	1.20398373449275	1.68273051170474e-24	3.44247069035691e-22
EPHX1	726.64275799458	338.507335568327	-1.10205916323478	7.2877964221104e-15	2.00201409137564e-13
CLMP	8.29883848238482	17.662612899106	1.08971744828363	2.86185023925379e-08	1.98344813911455e-07
KIF15	3.64282059620596	7.4242466155811	1.0271886879867	1.48160888042747e-22	1.82721254054988e-20
ORC1	5.30590467479675	11.3332804597701	1.09489485336227	3.64777190157161e-26	1.34959799141338e-23
AP000357.2	7.13063536585366	2.32071379310345	-1.61946202157354	1.27796008023057e-10	1.43278193650093e-09
SCTR-AS1	3.14560155826558	1.56402203065134	-1.00807510703203	1.04539837769802e-09	9.67967645888758e-09
CDC25A	2.91198245257453	6.2712788633461	1.1067580109873	2.50022143492937e-23	3.64520546263173e-21
AL022313.2	3.45546646341463	1.60990204342273	-1.10190756897719	1.61068145910787e-05	6.18554326246174e-05
AC106738.2	1.57258319783198	0.537802426564496	-1.54798817541845	8.42354941421364e-13	1.49221870704371e-11
BTBD16	0.83952581300813	2.13712490421456	1.34802463905255	0.000380995141277895	0.00105428461357118
CIBAR2	9.09528970189702	3.9544843550447	-1.20163000437567	0.00783396302943306	0.0151142553110853
PIMREG	5.47451808943089	11.1007950191571	1.01985912558512	3.05716946718149e-21	2.858124723915e-19
MPHOSPH6P1	1.60227987804878	0.622791762452107	-1.36330440494105	5.96573791659893e-05	0.000201277098625803
PTPRZ1	4.9996635501355	2.17641181353768	-1.19987944824746	5.82097518767851e-05	0.000196889588676408
GPC6	5.70014383468835	13.5463658365262	1.24883563405529	4.28556843936669e-13	8.09139517830047e-12
SLC16A1	10.7663798102981	25.8792924010217	1.26526494533845	3.83143559294201e-13	7.2893690947121e-12
MS4A15	52.540891598916	16.2632005108557	-1.69182948264558	9.25684816754692e-09	7.07982089592344e-08
MAGEA6	9.6013216802168	20.7802670498084	1.11390927426819	0.000267170053852581	0.000765878678938762
AC009549.1	0.954596951219512	2.18375932311622	1.19385022860049	8.85767127821705e-06	3.6267022805961e-05
PSCA	32.1615386856369	97.9735844189017	1.60705639287412	0.000810744358122371	0.00206625834958102
AL136296.1	2.47726077235772	1.13907637292465	-1.12088126363813	0.000157037082789387	0.000475734814046106
AC002563.1	3.06893231707317	0.835367560664112	-1.87725380225753	2.12706378954869e-11	2.81273857311499e-10
RAP1GAP	80.1768413279133	39.2840429757344	-1.02924216733989	5.47880885647043e-13	1.01568237958597e-11
AZU1	2.38965291327913	1.14866475095785	-1.05684329346516	0.0058206318772764	0.0116463498933293
KCP	0.843590176151762	2.12240070242656	1.33108285840474	1.83141384540653e-13	3.7247316207923e-12
BMPR1B	2.76162913279133	5.62395836526181	1.02606632514048	6.99129460094407e-05	0.000231520894716847
TESMIN	1.95207953929539	4.58574361430396	1.23214385906076	3.24468128927867e-18	1.76318009185209e-16
CCNB1	37.8872105691057	78.2844780332056	1.04701535754491	9.29799670810432e-28	5.98825425026763e-25
TPX2	32.5177110433604	79.7103459131545	1.29354128118921	3.35527282110786e-28	2.43103496192686e-25
AL355916.1	1.27911260162602	4.81066162196679	1.91109205322098	3.59942834548485e-07	1.99714293234321e-06
MT2P1	3.32240792682927	6.65715491698595	1.00267652228147	1.12076679947381e-07	6.84065071114429e-07
GKN2	59.6085116531165	7.28895683269476	-3.03173409003776	7.45456408798408e-12	1.09022216085749e-10
COL17A1	16.2544105691057	47.6488698595147	1.55161075578633	1.3569929612805e-06	6.69601322466135e-06
GSTA2	28.447987804878	8.91380140485313	-1.67421388694445	2.03442880001154e-11	2.70051010712982e-10
GPR1	0.570435230352303	1.43359412515964	1.32950163920366	9.94450294538186e-11	1.1421727986608e-09
CYP2A6	11.3547814363144	5.29566136653895	-1.10041716002686	6.11717860216396e-15	1.70467337681136e-13
DSC3	1.6862006097561	3.82776079182631	1.18272448829762	2.95060944517817e-06	1.34985918553547e-05
MYO3B	0.721882926829268	2.0505340357599	1.50616290190103	1.43991659507089e-06	7.06709276649385e-06
PAX7	9.68932804878049	3.10234291187739	-1.64303845787475	5.63448315951738e-09	4.50680900003899e-08
CTSV	3.54779430894309	11.0241577905492	1.63567416902208	4.99797541270582e-25	1.22408161199354e-22
MMP11	49.652464498645	139.2464848659	1.48770367590425	2.24716732887259e-14	5.55056714229623e-13
AC245041.1	1.2308656504065	4.77006673052363	1.95433614931627	1.22197600878274e-06	6.08677766162219e-06
TMED6	5.51285907859079	2.55813991060026	-1.1077055525708	1.54031453024551e-09	1.38064584363089e-08
SPRR2A	1.91602073170732	10.349469412516	2.4333717302967	0.00064528677825174	0.00168659128017729
SBSN	1.12459593495935	5.58357337164751	2.31178197551995	1.5906335613295e-12	2.66469431579563e-11
AC092868.1	3.11834159891599	10.9295740102171	1.80938628987514	0.000109309322335526	0.000344563237051298
KIF19	3.32678082655827	1.54203148148148	-1.10929460335843	0.00082958340928636	0.00210931801492623
CHIA	13.37905	4.56819699872286	-1.55027890696708	2.39100309836572e-13	4.76256046706547e-12
PDIA2	10.0094532520325	4.53589878671775	-1.14190281806635	0.024274755877531	0.040447846871827
LUCAT1	1.89893218157182	5.11905051085568	1.43068785978133	2.12472284215783e-12	3.50541388327981e-11
AIM2	10.6759594850949	27.2156607279694	1.3500713258806	1.32104908335687e-05	5.18198116636423e-05
CRTAC1	37.7131612466125	14.0453716475096	-1.42497328780148	2.00504820654664e-10	2.16020961980418e-09
MAGEA10	3.01944532520325	6.37847037037037	1.07892694128814	0.0274554348765996	0.0450016549221595
C1orf189	4.51542974254743	2.25603486590038	-1.00107393438884	0.00766572633255957	0.0148258608827581
CCNA2	13.5866344173442	31.9578669859515	1.23398299302452	1.90787419013789e-29	2.63231467931661e-26
C1orf87	1.86009911924119	0.838239399744572	-1.1499452612483	0.00850724772145228	0.0162082316893101
MAD2L1	7.99713238482385	16.759788633461	1.06744927893157	2.54504855068805e-28	2.01162951126884e-25
CTSH	196.914967750678	91.1293695402299	-1.11158478479663	1.06822026884685e-14	2.8272880144563e-13
UGT3A1	2.03928970189702	0.511204469987229	-1.99609438303392	0.00154731119857128	0.00363498979086139
SP6	3.3446102303523	7.25936673052363	1.11800560665673	1.11770677909674e-18	6.56614972355176e-17
SPINK5	30.921810704607	13.3263530012771	-1.21434278766177	0.000480609566498087	0.00129510611372001
ELAPOR1	58.2212888888889	26.5215872286079	-1.13437965932562	4.06920690992516e-15	1.18923426817964e-13
CD177	5.33332418699187	26.484475798212	2.31204002369602	0.0057884460657253	0.0115963238448888
COL25A1	6.40499762872629	2.62628397190294	-1.28617511766435	1.42044107184622e-09	1.27928754031841e-08
AC022613.1	2.62345569105691	5.7549156449553	1.13332635787604	1.88906563485595e-08	1.36529352969701e-07
BNIP3P40	1.61747730352304	0.724334738186462	-1.15901699651184	2.828923868927e-07	1.60130719911366e-06
PADI3	2.09830128726287	8.14519980842912	1.95672824568342	2.56206341674402e-06	1.18899708443453e-05
GP2	8.57392764227642	3.08130446998723	-1.47641499684363	0.00014766581799759	0.00045040680523983
KIF23	6.02312567750678	13.4947302043423	1.16381186639567	1.07577430238251e-30	2.07851548268105e-27
ULBP2	3.94176409214092	8.59676545338442	1.12495250948606	6.63491292293337e-12	9.81910645250114e-11
AL049767.1	4.52741924119241	1.13247107279693	-1.99921470767124	6.72871149128326e-05	0.000223848410411182
TICRR	1.39878746612466	3.05461730523627	1.12681487082197	7.77687646835859e-24	1.27577457460649e-21
MBL1P	4.05091537940379	1.71309559386973	-1.24164228982531	2.20542385030473e-15	6.87278052561809e-14
COL11A1	15.602291802168	39.0154153256705	1.32228629739629	1.16851845243269e-13	2.47194250235426e-12
SLC13A2	9.88562791327913	2.60660415070243	-1.9231610995838	5.55601683864648e-09	4.45840225229458e-08
BANCR	6.55061558265583	2.26433690932312	-1.53254185590103	5.92064060164243e-06	2.53079265911296e-05
RNASE1	2401.07290257453	1168.96695146871	-1.03844506486871	4.33699410707576e-16	1.54858296771952e-14
RPL26P30	7.32289884823848	3.54977311621967	-1.04468805022338	3.34612088961546e-06	1.51014318354213e-05
NFE4	2.02030033875339	10.3392777777778	2.35549372789698	8.4869561724537e-09	6.54745700456067e-08
TRIM29	6.56921036585366	20.2765233077905	1.62601843256603	1.55585534216823e-06	7.58048992573924e-06
FOSL1	8.96032825203252	39.0031716475096	2.1219679554098	1.91038778732833e-22	2.24457656985489e-20
COLCA1	9.55771971544715	3.98140114942529	-1.2633902217988	7.34072077475038e-18	3.64707981577527e-16
ADRA2A	20.1839885501355	9.96148524904214	-1.01877852496643	3.66007817692322e-11	4.62201157723441e-10
PI3	23.0679907859079	152.009340102171	2.72019571536675	0.0224258252149272	0.0377797592193731
CDC25C	3.03331233062331	6.36188933588761	1.06856122125355	2.4704480599598e-24	4.61920659297215e-22
VWA3A	3.2244466802168	1.36778659003831	-1.23720846301664	0.000143587704040946	0.000439528786812367
SNORA80B	8.05249464769648	2.26676187739464	-1.828802952294	0.00168786758053152	0.0039311986817389
CACNA2D2	42.1271020325203	13.1695493614304	-1.67754269483121	1.00012215747301e-22	1.25116001412217e-20
AL357093.2	2.12116192411924	0.933780523627075	-1.18369935382693	0.000418131610031749	0.00114376129728521
IL23A	5.40226944444444	11.1291678799489	1.04270822457946	1.08008710080172e-09	9.95844888432721e-09
SNORA63C	3.02527222222222	1.05092681992337	-1.5254027534587	0.0164124892181229	0.0287872478327556
CNGA3	7.20007161246612	3.49788646232439	-1.04152779410977	1.93020916365825e-09	1.6951720781239e-08
CAPN3	2.18882649051491	1.09123288633461	-1.00419856738769	5.13760736141877e-09	4.1591179891858e-08
SCARNA7	32.6909578590786	12.945546743295	-1.33643575188083	0.000634178808036826	0.00165955384393565
FGFBP1	13.5274661924119	40.7419710727969	1.59062414296815	3.78004903752296e-13	7.20737639402267e-12
F2RL2	1.79510724932249	4.06504201787995	1.1792002236904	0.00215305911793296	0.00487177939481427
SPP2	4.63176321138211	2.0752962962963	-1.15824417155252	0.00909470227582535	0.0172143004108335
GDA	0.843873848238482	2.35932733077905	1.48327634070011	0.000637819426013083	0.00166807670310445
FGF19	2.51338333333333	7.38860772669221	1.55567181222725	9.19725616812685e-05	0.000296004233773011
AC079949.2	0.781236111111111	2.72921340996169	1.80465466846106	3.67655231905656e-06	1.64053292984538e-05
APOBEC4	1.73545630081301	0.831989591315453	-1.06067765361346	0.019122561428903	0.032922992147247
RAET1G	0.874965718157182	1.92875121328225	1.14036866708243	0.000110820977480859	0.000348864429717262
PLA2G3	4.08187242547425	1.92632969348659	-1.08337645000816	1.5296014512911e-13	3.1778064081841e-12
HLA-V	1.07135745257453	2.15838314176245	1.01051107740652	3.95900526926452e-08	2.66317766449674e-07
SFTPA1	4737.38058245257	2349.36610363985	-1.01181802978301	7.28527736687127e-06	3.04747866568498e-05
NCCRP1	8.37030745257453	19.8145796934866	1.24320984423117	0.0118085430434458	0.0215782634491886
AKR1C1	153.865848102981	70.9737295019157	-1.11631602450632	0.000101696544734238	0.000323883006663675
HTR1D	1.66359159891599	6.4866349936143	1.96316895533459	2.53859911056098e-23	3.64823966392933e-21
AC027288.1	3.75138827913279	1.76367298850575	-1.08884150534607	7.54316637752633e-08	4.77669774722525e-07
MACROD2	9.76726659891599	4.08212720306513	-1.25863373695796	4.29669492191363e-05	0.000150030761090432
OGN	8.89020338753387	3.89848071519796	-1.1893044270977	0.000300965265392947	0.000853471135015974
SOX14	3.89890989159892	1.78299885057471	-1.12876503982108	6.07741448070606e-06	2.58829685047753e-05
PPP2R2C	2.74401592140921	6.39905670498084	1.22157039845748	8.61756406940476e-05	0.000279261921988942
MMP13	25.6847621273713	55.5338121966794	1.11245372255178	0.00257074962752675	0.00569389444313624
CPB1	2.26049756097561	0.320498275862069	-2.8182518601023	0.000163419340322123	0.00049283713299712
AC027288.3	2.90017445799458	1.19999010217114	-1.27311718101498	3.35101015448421e-06	1.51157925770779e-05
AL109615.3	3.03852398373984	7.24937171136654	1.25448528559663	1.78304911598323e-09	1.57949266825432e-08
HOXA1	1.63244166666667	3.78452407407407	1.21308044459465	6.99289667215171e-09	5.48737165758236e-08
IGKV2-29	68.2923846883469	25.5027560664112	-1.4210715453397	0.0110295779471578	0.0203429498221391
TK1	75.5093707317073	151.90570862069	1.00844848790348	1.73903351116337e-27	1.04276047329724e-24
LINC02057	0.664623170731707	1.49839636015326	1.17281080451826	5.27344825873568e-09	4.25324637157489e-08
C7	63.8231031842818	29.2249938058748	-1.12687603754578	3.45288860782301e-10	3.51741534864876e-09
PNPLA7	5.8008325203252	2.81446896551724	-1.04339722688489	4.997311702559e-18	2.57095423656208e-16
MTMR7	4.73518109756098	1.51980862068966	-1.63952993659938	5.4154149439575e-05	0.000184500218389838
WFDC5	19.9470234417344	0.858179118773946	-4.53875087090401	0.00969055521162804	0.018173148795274
CDH3	38.4971932249322	97.582900063857	1.34187509450186	1.91602401193439e-19	1.29641017679094e-17
EXO1	4.80207798102981	11.551564559387	1.26635752860359	7.97336516427323e-28	5.54595387366189e-25
BCAR3	8.0107870596206	16.9977826309068	1.08533065890001	6.38422067651698e-19	3.95071933608376e-17
NCAPG	5.71997466124661	13.7578058748404	1.26616974302832	8.81417180686835e-28	5.89498590575514e-25
HSPA6	13.4093040650407	32.6547633461047	1.28405908869605	2.74974722209093e-06	1.26999613399573e-05
MIR31HG	0.74842906504065	2.00216111111111	1.41962057905044	3.86369026860912e-07	2.12747657000773e-06
AC008268.1	13.547268902439	6.60991826309068	-1.03529770008199	3.24733161143193e-09	2.72265426187029e-08
PCSK2	80.1265127371274	6.27878339719029	-3.67372274034128	5.79625777896714e-11	7.05820213714703e-10
MYOSLID	1.1847412601626	3.19975389527458	1.4333889282028	2.2389011825283e-08	1.59101972468266e-07
LPL	64.8244138211382	27.4549620051086	-1.23947034073691	3.76592167659378e-15	1.10617587895759e-13
IGF2BP2	10.7974684281843	26.2130479565773	1.27959201657204	2.26770300227894e-16	8.70487582927781e-15
LBP	3.80103949864499	25.2403168582375	2.73126409932017	4.35092814875828e-05	0.000151771894842042
AC112777.1	0.978204539295393	2.13222975734355	1.12415483881313	1.21100237855631e-23	1.86355047439962e-21
SLC16A12	4.34131544715447	1.37909744572158	-1.65440785508417	0.000243734236384173	0.000706267061324744
AC005256.1	1.1585924796748	2.44079782886335	1.07497959598277	9.15140324348401e-07	4.67353160061508e-06
AGER	171.886130894309	72.3909471902937	-1.24757194341704	2.1219672678812e-05	7.93353877041199e-05
C15orf48	26.4845720867209	63.1413992337165	1.25343403250302	3.83461957739878e-14	9.03525742972729e-13
RGS20	1.01616117886179	3.1507088761175	1.63254720225046	1.53417613793635e-17	7.17144861897183e-16
AL033519.4	2.27135670731707	1.11329380587484	-1.02871991316659	3.85036919361971e-07	2.12148510481157e-06
MKI67	13.3413890921409	29.4209287356322	1.14093390280631	1.95599203253048e-26	7.55838787859389e-24
SGO1	1.91310691056911	4.08259393358876	1.09356858176704	1.52660505352432e-25	4.46699813302504e-23
CNMD	47.2476677506775	20.6648942528736	-1.19306113535363	6.74975180991267e-07	3.5320925134689e-06
AP003555.1	0.509705216802168	1.96018550446999	1.94325516762188	4.08188662984871e-06	1.80472734824407e-05
ADAMTS7P3	1.74678902439024	0.519100255427842	-1.75062026863172	6.83848804186197e-07	3.57637499428384e-06
SERPINA5	2.09281050135501	4.70952733077906	1.17014058662183	0.000106097133111865	0.000336125345828278
CKAP2L	3.90406219512195	8.38510600255428	1.10285298564267	5.82725467150289e-26	1.91188927325969e-23
AC003092.1	0.310841666666667	3.23537439335888	3.37968086129833	9.50725667209747e-06	3.86446204467281e-05
KIF2C	12.6905766260163	28.6381199233716	1.17417916069459	1.53194281552115e-26	6.65973840477432e-24
H19	56.5019993224932	182.948313346105	1.69506229182319	0.0107267051008615	0.0198517108342785
SNORA47	3.80802513550136	1.40680491698595	-1.43662071891335	0.00374245614994338	0.00791648650453027
AGTR2	13.4879518292683	4.47447075351213	-1.59188233532705	0.00463787240253729	0.00953964451677767
VEGFC	7.07255142276423	18.4618422733078	1.38424385780408	1.61332611031944e-11	2.19344235593e-10
MMP14	169.118168360434	338.917109578544	1.00290081358074	1.65356797365068e-25	4.71375303177241e-23
FIBCD1	1.36035894308943	3.95567420178799	1.53993623746196	1.49334973340122e-11	2.04471326882786e-10
RHOF	0.675314159891599	1.58199623243934	1.22811545083498	1.79281904233423e-19	1.21778634090429e-17
KRT16	6.81228678861789	35.6117538952746	2.38614241381004	3.07506081109639e-18	1.68682121274937e-16
SPRR1B	21.4734031842818	72.9882705619412	1.76511378416164	2.50807007794579e-06	1.16767953374563e-05
SPRR2D	5.22847750677507	17.6431033205619	1.75464153416807	0.000228874052696649	0.0006667600774572
DYNLRB2	4.30711077235772	2.00224846743295	-1.10509941260752	0.00119051913142705	0.00288658950362999
SYT12	6.55379363143631	13.487108045977	1.04117888307768	3.3330694326691e-14	7.92869279954624e-13
FGF12	1.06008685636856	2.57907624521073	1.28267194980535	0.0303798272468132	0.0491831063191933
IGF2BP3	2.9566852303523	7.61273735632184	1.36443464341693	1.92337457615077e-15	6.04802179108241e-14
CHIAP2	3.19457994579946	0.594635696040868	-2.42554826808952	1.70200241820873e-09	1.51541833334519e-08
DNAI2	3.36987696476965	1.29107247765006	-1.38412592684678	0.000138791671243326	0.000426404305874593
ACTL8	0.303734485094851	2.74625102171137	3.17658087923775	2.01987648323751e-05	7.60251778506863e-05
LINC00261	14.8245839430894	7.20461800766284	-1.0409977704698	9.02334517741162e-13	1.59150270266977e-11
LRRK2-DT	15.6842304878049	7.81901213282248	-1.00425649663148	2.23503514071626e-09	1.93454584678522e-08
CFTR	9.11558807588076	4.41382726692209	-1.04630556063751	1.68203006572754e-11	2.27617282590943e-10
KLK11	53.2759533875339	24.8450584929757	-1.10052556721155	6.70577015866976e-12	9.90710597188687e-11
PRG4	30.1967879403794	3.50170051085568	-3.10826749182723	7.37524089265969e-05	0.000243032146830509
AP000695.1	1.31556985094851	3.04613378033206	1.21129145233363	1.94230855371079e-21	1.83558714350418e-19
B3GNT3	39.0050530487805	80.715272669221	1.04918064601953	1.59580638392538e-19	1.10116973055867e-17
LYPD5	1.92858414634146	4.12755868454662	1.09774663336236	2.08398830766244e-14	5.23677350895118e-13
UBE2C	63.8184713414634	145.455123754789	1.18852816030142	4.71882726427874e-21	4.18651465808893e-19
CLGN	5.60367317073171	11.3351875478927	1.01636354215767	0.025031157909716	0.0415330920698522
AHNAK2	12.1275819105691	26.5078415070243	1.12812727490535	9.12601556068266e-15	2.46034549743738e-13
CDK5R2	1.38423279132791	3.01796538952746	1.12448967441013	2.59499436060673e-08	1.81733213598834e-07
STEAP1	32.7915203929539	70.5906402298851	1.10615411157224	2.99452279790122e-18	1.64784040926279e-16
DSC2	10.0498678861789	20.9757349936143	1.06154482774059	3.72091686366047e-22	4.04273091997133e-20
DLEC1	3.53788279132791	1.49405300127714	-1.24365492450092	1.66803002146883e-06	8.05481089789544e-06
AFF3	2.4322804200542	1.06943339719029	-1.18546293185151	5.28466729632175e-17	2.21968791342365e-15
C9orf24	13.7792473577236	5.72511372924649	-1.2671208304104	0.00282021965229314	0.00617799039511005
MIR126	5.11218990514905	2.53774642401022	-1.01039351000585	1.06519229173187e-06	5.37199210003639e-06
RSPO3	1.73787953929539	10.0653828224777	2.53400205348183	0.000103618162052266	0.000329459904905258
AC112722.1	1.63909884823848	0.817414942528736	-1.0037623393807	1.39259637134125e-10	1.54931914915246e-09
PKIB	8.56639674796748	21.1148251596424	1.30149589949886	2.10567379541637e-09	1.83628694225152e-08
LINC01614	6.30601619241192	13.0875759259259	1.05339712714362	4.90250160179619e-12	7.4977660821138e-11
MS4A8	15.7910662601626	7.64315600255428	-1.04686820732759	1.65067105933951e-05	6.32514743297813e-05
CDHR2	1.06007953929539	4.82040089399745	2.1849806184437	1.50877856035515e-09	1.3530763479121e-08
PCDH7	4.10238319783198	10.6958489782886	1.38251683699471	1.05556731052541e-14	2.79805792114731e-13
MAGEC1	0.738728590785908	3.62058090676884	2.2931048701201	0.00166690854895735	0.00388706889604658
AC007686.1	0.605647222222222	1.87875504469987	1.63322737643359	8.9072977262422e-05	0.00028779078439544
POPDC3	1.23538692411924	5.05053141762452	2.03147223066253	1.45595396930451e-05	5.64746454879235e-05
VWDE	1.49843888888889	3.03196385696041	1.01679230836866	3.64128496170613e-05	0.000129356283570739
SRGAP3-AS2	7.66462262872629	3.28390140485313	-1.22280394926723	0.0290649911706952	0.0473231396504887
C6orf118	2.96561917344173	1.37040855683269	-1.11372728291827	0.0303843227623463	0.0491857185360678
PLAU	83.3732452574526	240.473483652618	1.5282214231932	4.24170559631138e-20	3.16562311649178e-18
AC239859.5	0.379186856368564	2.20357860791826	2.53886750002637	5.78289142179615e-12	8.7063808600531e-11
TFPI2	149.313237940379	352.296215389527	1.23844689765454	2.66799983428819e-05	9.75275365113251e-05
SNTN	5.83596029810298	2.75901877394636	-1.08081479502045	3.48932258070612e-05	0.000124514324555507
AC022733.1	15.6768457317073	5.92093652618135	-1.40473801748051	9.40624868610593e-07	4.79663514377408e-06
GREM1	9.04723834688347	19.00845651341	1.07109200545144	7.64521657590871e-13	1.36211753113193e-11
MCM10	3.78276077235772	8.27139795657727	1.1286916402136	2.20459811104792e-22	2.55235106138201e-20
HOXB9	10.0956817750678	26.2286314176245	1.37740419014847	4.21712076116121e-05	0.000147518633908333
IGHD	255.698398509485	126.868221966794	-1.01111237746392	1.44322927099787e-05	5.60185575745133e-05
ANKRD44-AS1	6.14495569105691	2.70158039591315	-1.18559899236634	0.000505249373219595	0.00135562125457731
MELK	11.7697739159892	24.0025088122605	1.02809860030387	7.26854901786451e-23	9.22575174245591e-21
PRDM16-DT	3.24090426829268	0.94766091954023	-1.77395355708272	2.15171080212198e-20	1.68540987108555e-18
VWA3B	2.65236402439024	1.29665210727969	-1.03248733673605	0.00227407440123802	0.00510639660282226
AC079384.1	6.69091761517615	2.15832848020434	-1.63228963243848	2.53310814431668e-10	2.65663365583533e-09
GTSE1	5.93136646341463	12.8540591315453	1.11578759912896	1.8326960410782e-26	7.38579706568685e-24
PKP2	4.76361090785908	14.7655378671775	1.63210642709328	2.72107792968707e-19	1.79911878780717e-17
EREG	10.4930419376694	29.6405367177522	1.4981385950606	1.0357245202365e-10	1.1856625202365e-09
AC022146.2	1.49586754742547	0.736206641123882	-1.02279976744007	3.17912020941627e-10	3.25953545527945e-09
LAMA3	14.727387804878	32.6520922094508	1.14867387418814	0.000535131447959384	0.00142567806780538
DUOXA1	14.7546618563686	6.70703480204342	-1.1374238646607	6.23979500317603e-09	4.94999066196296e-08
TMPRSS11E	9.08198719512195	35.6584803959132	1.9731653153064	1.23473116416841e-14	3.22965783258988e-13
KIF18A	3.72365067750678	7.59519533844189	1.02836933204557	8.78764398729894e-27	4.1707668242559e-24
SLC14A2	8.88616117886179	1.37241462324393	-2.69484390627868	1.02139550135644e-14	2.72006375299678e-13
KRT81	6.33992777777778	78.3625352490421	3.62762576271673	3.36525729871985e-09	2.80664072745513e-08
BTNL9	5.67435819783198	2.28427356321839	-1.31272178728921	2.10634794589128e-12	3.48831280296223e-11
RNU6-247P	4.81237872628726	2.0539098339719	-1.22837733554273	6.72793727489365e-05	0.000223848410411182
AL137018.1	4.20078787262873	1.30981424010217	-1.6812977148185	3.16532716955714e-13	6.12938464937963e-12
NUDT11	0.926274796747968	2.4710901660281	1.41563548863027	1.31739110392721e-05	5.16998135073747e-05
SNAI2	7.70904769647696	16.4651795657727	1.09479368651508	5.22327221846181e-08	3.41842230360679e-07
DRAIC	1.92426632791328	0.715620114942529	-1.42704264407465	1.67634774838598e-18	9.58881940680388e-17
AC207130.1	0.855978726287263	2.54171392081737	1.57015481212476	0.0270905131830703	0.044462192896688
TTK	5.11286280487805	11.200774137931	1.13139522778787	7.51010089470471e-25	1.74124192610694e-22
AC007849.1	1.78522411924119	0.703747254150702	-1.34297591006773	5.95228239838651e-06	2.54310168613128e-05
CYP2B7P	225.142651626016	58.2907443805875	-1.94950066040718	2.25782184771569e-22	2.56609569345935e-20
NDP	0.779787533875339	3.3729659642401	2.11286476425952	0.00106313069599634	0.00261852403295756
GREB1L	0.859368089430894	2.46425332056194	1.51980245776153	6.76497036613759e-17	2.78758458997077e-15
RERGL	6.56363719512195	2.31907503192848	-1.50094599807198	2.12099318783045e-12	3.50541388327981e-11
INMT	35.6940071138211	14.781906449553	-1.27184952314507	9.99245521595186e-15	2.67321236538749e-13
IL22RA1	2.89033882113821	7.43482707535121	1.36306056426146	7.20951013030558e-11	8.55158060408484e-10
ELOVL6	5.45541653116531	12.1241673052363	1.15212440727171	6.52036339031941e-23	8.65516022856979e-21
LINC02320	0.856828726287263	1.85857573435504	1.1171187229753	6.7912149863361e-06	2.8614595928616e-05
IGLVI-70	5.60913895663957	2.75035057471264	-1.02816379956568	0.00588906534351427	0.0117679794597069
AC112721.2	0.647421680216802	1.75765683269476	1.44087584122426	3.63649703221001e-09	3.01693926016698e-08
COL22A1	1.49641964769648	3.90247081736909	1.3828730303583	2.31849294641705e-08	1.64221074726053e-07
LY6G6C	0.646141463414634	1.84377650063857	1.5127418233777	0.0093447255980619	0.0176223222453854
TMEM213	6.41210040650406	2.3660650063857	-1.43830730519527	4.54152743452407e-07	2.46259589558641e-06
TPPP3	83.8622850271003	39.5951512132823	-1.08269837039189	2.33881689693148e-08	1.654584500437e-07
MAGEC2	3.99053766937669	9.14113978288633	1.19579091945747	0.000782029974215796	0.00200069430949514
AC112907.2	1.00624491869919	2.11175664112388	1.06946209009684	1.90711092236368e-08	1.37776285122485e-07
KLK6	2.76885901084011	13.5066777139208	2.28630935416314	9.89413273083727e-11	1.13713862562148e-09
KCNF1	0.925472696476965	3.16239074074074	1.7727533030735	5.46108895143833e-11	6.68323957501235e-10
SERPINB5	5.248475	24.2813206257982	2.20987669136212	5.71147936959387e-08	3.70447276232256e-07
TFF1	215.177230691057	479.870951851852	1.15712105969724	0.0044291572745431	0.00915906955012843
PIGR	1029.84279674797	441.159918518519	-1.2230505036958	3.88991024093518e-12	6.10484198372038e-11
VEGFD	11.0030407859079	4.26629942528736	-1.36684515193389	1.55057751772825e-11	2.11640443137963e-10
ZBTB16	8.99438617886179	3.77240095785441	-1.25354180408475	6.9175328790466e-09	5.43801895270078e-08
RSPO1	1.63343685636856	0.472338633461047	-1.79001723955757	2.09021417006954e-06	9.91546839259615e-06
STUM	6.21507798102981	1.76425280970626	-1.81671518539558	2.18939667783504e-15	6.83508417071338e-14
C20orf197	4.73713726287263	2.07301047254151	-1.19228807118241	2.63123486793212e-13	5.18171496245432e-12
SEMA7A	11.1698003387534	26.2930730523627	1.23507937176645	2.62886958725278e-15	7.96400927748059e-14
IGKV1D-16	73.0858323170732	29.0963512771392	-1.32875351844472	0.00220163411274701	0.00496488335968847
CFAP65	1.63688753387534	0.748894636015326	-1.12812054007557	0.00287657320212953	0.00628638072286419
MSX2	2.20551063685637	4.83656417624521	1.13286982375027	8.22275132141686e-14	1.80765389036811e-12
AC089983.1	1.68517574525745	3.54564814814815	1.07315032127222	9.39734427929715e-06	3.82694191270956e-05
AC003965.2	2.311772899729	4.72992318007663	1.03281707294875	7.92268855194464e-08	4.99520055220324e-07
GFRA3	58.5479361788618	25.4598486590038	-1.20139447301358	9.82697003981097e-15	2.64113109771674e-13
FSCN1	57.7882895663957	160.50285798212	1.47374991244193	5.78009826685747e-25	1.37685107893677e-22
AC129507.2	5.10406849593496	2.46145197956577	-1.0521380956836	9.23248083196798e-11	1.06957767612985e-09
SH3PXD2A-AS1	0.739415447154472	2.35916149425287	1.67381709198752	2.76461936813585e-13	5.42101123182469e-12
SPOCK1	4.14397933604336	13.9369926564496	1.74983057390248	1.31808808662503e-15	4.30023147060462e-14
AL135999.3	24.7713695799458	9.92983020434227	-1.31883268206778	1.83568845194039e-17	8.31270481531027e-16
SCGB2A1	32.2207056233062	9.70128007662835	-1.73174106145654	0.00218319655943403	0.00493225996777944
PRDM16	7.86940243902439	3.56527292464879	-1.14224156881028	3.2402620652806e-15	9.63165171359146e-14
RPL10P19	3.93887208672087	1.86160696040868	-1.08123405677983	4.59885540448376e-19	2.91859476746599e-17
STC1	15.8908321138211	42.134874201788	1.40682014535175	1.77882961067305e-16	6.9199257494393e-15
FRG1FP	1.19124837398374	3.19832630906769	1.42484289230682	0.0258407298384163	0.0426484862528684
SPHK1	7.1764870596206	17.2349164750958	1.26398459436036	5.2473894610149e-27	2.94344694637381e-24
SEC14L6	9.34747777777778	4.39670881226054	-1.08815314821288	6.42547397336217e-08	4.1290675137766e-07
TSPAN11	17.7974376693767	8.56488550446999	-1.05516368304003	8.72146098250232e-06	3.57514108969196e-05
MYBL2	40.2168881436314	91.8918432311622	1.19213535178392	3.74305410383222e-22	4.04273091997133e-20
CRHR2	1.4509539295393	0.673897254150702	-1.10640115934288	9.39840396245025e-05	0.000301640543564133
MUC2	0.21990325203252	2.01839559386973	3.19826811733175	0.00046808158515311	0.00126389296338935
GJB5	3.10293726287263	10.2884856960409	1.72932422277914	9.47239759009676e-08	5.86384911691679e-07
LRRC36	5.15746666666667	1.47200874840358	-1.80887634622113	1.14732009044341e-14	3.02742777734757e-13
AC108215.1	4.41132527100271	1.84093365261814	-1.2607745093123	4.10403545419039e-12	6.42349887605011e-11
FAM83A	38.4670243224932	114.55924054917	1.57439969654043	4.22982936418033e-16	1.51342598382164e-14
MIR548V	3.26493780487805	1.40248978288633	-1.21906524868752	0.00526713417476353	0.0106649040713744
NKAIN4	1.1782689701897	2.97880836526181	1.33806640512514	6.40106578301583e-05	0.000214177665770372
IGFALS	5.69214525745257	2.10738825031928	-1.43351634778545	4.76675303420583e-17	2.01676565722154e-15
COL7A1	4.27915304878049	13.0423053001277	1.60780171186747	4.13475163705371e-13	7.8406975154555e-12
SCGB3A2	1949.80144430894	430.955223754789	-2.17771733012873	4.73005564106122e-17	2.00612042786375e-15
F2	0.403408468834688	4.48486909323116	3.47475259943404	0.000198848195670912	0.000586958287985315
UBE2SP1	1.3831039295393	2.84260172413793	1.03930240980227	2.71383270338526e-12	4.38169330354376e-11
MIR4260	0.74135189701897	1.73423307790549	1.22606739395954	3.76470820684026e-06	1.67428416902162e-05
CFAP52	4.27498495934959	1.9066908045977	-1.16484843385208	0.00892629958422157	0.0169250270930137
CDC20	38.0721626693767	83.1655393997446	1.12724933108949	9.04303028102942e-25	2.06906912574764e-22
HJURP	9.17879410569106	19.8854719029374	1.11533826681539	1.51291106484061e-24	3.16963982006185e-22
BPIFB2	70.4467262195122	23.3511740740741	-1.59303757452692	0.0113760435295182	0.0208867714219393
HMGA2	0.767189769647696	7.74979093231162	3.33650200354349	1.0929531864214e-12	1.89708100749064e-11
KLK13	16.1765695799458	6.82377630906769	-1.24526344139627	6.13573402525336e-10	5.97392379424024e-09
LINC02253	0.624137059620596	1.57275587484036	1.33335996838612	0.0180320707297508	0.0312902582496394
PKMYT1	4.71907323848238	9.58939061302682	1.02293557590845	3.89169364732352e-26	1.38107471088385e-23
AC113349.1	1.65241971544715	0.582878671775223	-1.50331266078402	0.0236645798449324	0.0395866646391082
AP003071.5	1.73897872628726	0.860482183908046	-1.01502305660408	0.0193573047730791	0.033264626409974
AL663070.1	6.98563597560976	3.32911104725415	-1.06925447081954	5.52500729883816e-08	3.59559700297518e-07
ATP8B3	1.49897201897019	3.51426468710089	1.22924940320678	7.84572211358161e-16	2.64913598514303e-14
IL1R2	3.15365162601626	9.51885057471264	1.5937640760313	5.19339067078819e-13	9.68968566248238e-12
IGFBP1	0.751433265582656	14.5974330140485	4.27992589576136	2.54865787236285e-09	2.17461294124228e-08
AC138649.5	2.02644627371274	0.953070689655172	-1.08829679783041	5.67450362259979e-14	1.30348670400776e-12
C11orf16	4.75200514905149	2.02233952745849	-1.23251116995993	1.61741244230788e-09	1.4415779066782e-08
CGB5	0.569653726287263	9.72020025542784	4.09282891243291	0.0258523698277891	0.0426636479961493
IGLV3-6	2.2539460704607	0.843114303959132	-1.41865285620172	0.0240340916786532	0.0401006352139801
ERO1B	23.6520661246612	11.3305840357599	-1.06174398870521	5.12435649084453e-13	9.57115306329705e-12
TRIM31	4.6732358401084	13.6550299489144	1.54693872691751	0.000133075010553589	0.000410436565895062
RAB3B	1.49256978319783	3.5866438697318	1.26483611779437	1.03474569875946e-13	2.2213818463862e-12
RHOV	24.8615657181572	103.941679246488	2.06378521037074	1.89633797413983e-17	8.56504442397857e-16
GREB1	4.34558455284553	2.02233735632184	-1.10352657581575	0.000262910090762033	0.00075528557215612
SEMA3A	5.16509972899729	13.4314004469987	1.37874162719552	4.80909465786024e-12	7.38087793517491e-11
IGHJ6	168.758984620596	79.6518213282248	-1.08318505629054	0.000347120298435834	0.000969806373634434
ITLN2	3.46042086720867	1.24294425287356	-1.47718592189711	6.54054639663403e-05	0.000218228509639472
BRIP1	1.79580989159892	3.71233492975734	1.0476922461317	9.939823264108e-28	6.17298524069907e-25
ABCC2	3.30451849593496	16.5604228607918	2.32522753579136	0.00147958735750985	0.00349620736781634
LINC00460	0.817274119241192	4.55342062579821	2.47805878131771	2.52343886537685e-08	1.77293246181972e-07
UPK1B	7.71922594850948	28.4432385696041	1.88155764823445	0.0102093890124715	0.0190035394495683
F5	5.23419905149052	10.9063190293742	1.05912356777343	9.3323096646359e-07	4.76172337905967e-06
HOATZ	2.2702102303523	1.00096647509579	-1.18143224743996	0.0135935144378107	0.0244356071506879
GNMT	3.47254315718157	1.50545836526181	-1.20578981465505	2.02426117316123e-17	9.09557559175727e-16
B4GALNT1	1.36472140921409	2.96324431673052	1.11857110698908	4.73273622647802e-07	2.55582454168405e-06
CDC6	8.73071619241192	20.6108	1.23922859355828	3.98758911841649e-31	1.15566978633574e-27
MTCO1P40	67.6465546070461	28.9178674329502	-1.22605529260942	0.0119516582397372	0.0217894092189967
SCTR	31.4733389566396	12.9986627075351	-1.27576703245841	1.05157907725903e-13	2.25473595246082e-12
SLCO4A1	4.9905135501355	12.3115560025543	1.30275291989123	6.54296298203746e-14	1.48338439758343e-12
AL109914.1	2.59972323848238	1.29669706257982	-1.0035165717566	0.00269208285136271	0.0059316559430241
AL445493.3	2.882975	1.12574316730524	-1.35668060514263	9.33411565969143e-13	1.64282325107666e-11
FAM72B	0.772016260162602	1.72873991060026	1.16301769254986	3.75937748977289e-24	6.88124370206956e-22
MUC16	3.23723367208672	6.97073920817369	1.10655014715297	1.42249865173544e-15	4.60629963780774e-14
KIFC1	19.3206257452575	40.8396989144317	1.07983041006299	8.74275700564141e-24	1.40766482936202e-21
GNLY	11.961691395664	39.9096851213282	1.73831749379963	0.00571904265601531	0.0114770262833757
ADGRF4	2.67956246612466	10.04563550447	1.90649948062029	1.55114254293335e-24	3.21104972369857e-22
S100A2	33.7473785230352	171.250537292465	2.34326117057752	3.45566482634174e-08	2.35188084795525e-07
SPOCD1	2.4931039295393	5.70079106002554	1.19321910072183	2.51472500493471e-10	2.64221363155797e-09
CHEK1	6.95636429539295	14.9415038314176	1.10291996797881	3.49803435147634e-27	2.02757731126074e-24
HMMR	7.91840386178862	16.0078800127714	1.01550070263171	1.23025473023611e-24	2.70796196254123e-22
BPIFB1	280.36542405149	137.871685121328	-1.02398224135132	0.0117983855848065	0.0215619787947078
CENPE	2.78217676151762	6.15738767560664	1.14610432270611	1.75254462877516e-24	3.54360448253154e-22
LAMA1	0.586212466124661	2.76513908045977	2.23785649354084	3.06723838189703e-08	2.10732985717135e-07
PAX8	1.58327174796748	4.07501787994891	1.36389749293301	0.0161592671409132	0.0284004110193728
TNC	74.3111483062331	159.159761111111	1.09882507065853	1.67610294808808e-08	1.22461151950856e-07
TAS1R1	2.04731463414634	0.606490357598978	-1.75517622108802	9.36725542375894e-13	1.64698892379923e-11
S100A16	276.782477642276	559.347343869732	1.01499183432802	9.0956899593625e-20	6.5088457902615e-18
TMEM132D	1.78297906504065	0.659700574712644	-1.4344064967063	1.7881512094606e-07	1.05118868767107e-06
TNS4	9.96279430894309	41.507880715198	2.05876293033744	8.79052703528482e-14	1.91552472243894e-12
ESPL1	3.94826029810298	8.23581954022989	1.06069511269266	1.10800962030488e-21	1.0824258026675e-19
AC092128.1	1.66461951219512	0.593825159642401	-1.48708232826426	0.0147003769527331	0.0261375107189239
CYP4Z2P	3.18465372628726	0.616591954022988	-2.36874854512503	5.25945886493629e-19	3.29843974889832e-17
DEPDC1B	4.5071370596206	9.29792567049808	1.04469757040373	5.07353899221866e-23	6.94675350674727e-21
UICLM	1.78560928184282	0.858656449553001	-1.05626350535517	9.86293551091121e-11	1.13505351157667e-09
KRT83	0.663910027100271	1.97427426564496	1.5722627762137	0.0105637786439741	0.0195751861509021
RN7SL8P	2.76774017615176	0.947474776500639	-1.54654907342171	1.69891815000443e-11	2.29011532638969e-10
FOXM1	12.5497658536585	30.4651137931034	1.27949768166122	1.65124642814004e-26	6.83657138803149e-24
SCNN1B	82.6887227642276	37.5931808429119	-1.13721959529269	1.15463640701489e-18	6.76026009480873e-17
TTLL10	1.88613123306233	0.744604469987229	-1.34088387713408	0.00161836073269672	0.00378708877141076
KCNK17	5.42252479674797	2.68926558109834	-1.01175250820458	3.53293221357132e-06	1.58335459437607e-05
NAALADL2-AS2	0.950267208672087	2.07667860791826	1.12787280666043	6.04054669609093e-06	2.57456901452245e-05
MGAT5B	0.520759756097561	1.83945300127714	1.82058694778433	8.21906964410718e-12	1.19101168367816e-10
KIF4A	8.59557398373984	21.6077949553001	1.32988596834281	1.3469280115462e-31	5.85543279819422e-28
SCGB3A1	2514.72125846883	966.873548659004	-1.3789993688414	1.75462376886794e-08	1.2744842404697e-07
NPTX2	5.81903550135501	13.5942404214559	1.22414359002375	0.000174896504504023	0.000523906169994911
HAPLN1	0.74362201897019	2.28574303959132	1.62002183184612	0.000172993429992894	0.000518652198990764
CEP55	15.8864172086721	33.2421111749681	1.06521821228506	3.18684252727087e-25	8.39636434950199e-23
MDFI	21.6997390243902	47.5688489144317	1.1323394229902	7.06280091469599e-21	6.02034534831611e-19
PRAME	15.054604200542	32.6750407407407	1.11798425606502	0.0240440680724901	0.0401056079755445
MT1A	7.32715914634146	25.862517752235	1.81953687380865	0.0193413954799943	0.0332441977631344
MYEOV	10.4583625338753	27.8289254789272	1.41192821842926	2.68123064471543e-09	2.27322865338648e-08
ANXA10	11.011862804878	26.8500056194125	1.28586384931077	8.40900010181204e-05	0.000273367176613217
KRT75	0.63434864498645	3.09347471264368	2.28588035630179	0.000668610386562586	0.00173996797544699
LINC02577	1.46412811653117	4.42363844189017	1.59519167410927	2.46482227680208e-16	9.41995485083766e-15
CLSPN	2.63295027100271	5.55643084291188	1.07747819631473	1.98584079305685e-24	3.87997590454669e-22
CA4	4.72250846883469	1.83796143039591	-1.36144689178669	3.9656654643571e-05	0.000139621293297642
F11	1.68179437669377	0.631604342273308	-1.41290833150856	4.59718585191919e-08	3.05466048066575e-07
SPRR3	4.31910501355014	9.96553109833972	1.20621429915788	0.000608290134253262	0.00160071990685986
CHRDL2	11.1600752710027	3.28160932311622	-1.76587135692534	2.08415159133905e-06	9.89389875392325e-06
SLPI	3299.3303053523	1208.25659042146	-1.44924635349162	0.00155239543492793	0.00364496411260623
KREMEN2	1.20839857723577	2.41932905491699	1.00151061423637	6.21980954937028e-15	1.72498035492823e-13
DMBT1	102.500111720867	48.4830788633461	-1.08007225865212	3.63657412017682e-05	0.000129264896516261
AL032819.2	3.36486531165312	1.49972745849298	-1.16584841061667	1.99885533822056e-05	7.52731458003491e-05
ERCC6L	2.44679803523035	5.08328869731801	1.0548671459794	1.21491537713691e-24	2.70796196254123e-22
C9orf135	12.6439848238482	2.91057656449553	-2.11907433456503	6.89288439663908e-09	5.42109302456612e-08
CPB2	4.84904681571816	2.02525491698595	-1.25959767234481	2.74372555222633e-06	1.26755163729181e-05
TINAG	0.856856300813008	3.12736845466156	1.86782401972728	1.48673157666129e-05	5.76042232320926e-05
AC120498.2	4.23593800813008	1.94994667943806	-1.11924680145315	1.10324264321762e-07	6.74790232955019e-07
KLK12	58.2256403116531	25.3683431673052	-1.19862530137156	1.39680045251169e-08	1.03666082239547e-07
AL353586.1	8.40342398373984	0.474708620689655	-4.14586312085434	0.000144681875672906	0.000442623704446897
NGEF	4.96423760162602	11.2245222860792	1.17700997193824	2.60175255236576e-13	5.13528662123589e-12
SNRPGP4	2.40561930894309	1.15617522349936	-1.0570482917453	0.000275218539794283	0.000786875236514763
KNL1	2.35701504065041	4.92365038314176	1.06276735828688	8.99751900591985e-26	2.84468832716255e-23
ZDHHC11B	8.83713692411924	4.04209246487867	-1.12847671320652	2.82191708657575e-13	5.5073306642498e-12
FLNC	5.31372527100271	16.4031926564496	1.62618109799107	1.27265009087969e-10	1.42867091222124e-09
HOXA10	1.27197547425474	2.98224003831418	1.22932553036525	7.41437255299903e-07	3.85321351835326e-06
CIDEC	0.460889634146341	2.21432835249042	2.26437594299954	2.65569650665176e-05	9.71390545943783e-05
APCDD1L	0.893211517615176	2.93951334610473	1.71850356871252	2.45404457274157e-14	6.01033536273284e-13
AC018629.1	1.41114552845528	5.12860823754789	1.86170059370893	2.41950015731805e-10	2.55295438322837e-09
SYBU	21.5019139566396	8.33281053639847	-1.36759000165707	8.22774319078829e-10	7.77989267779323e-09
LINC02568	2.27299315718157	0.849067752234994	-1.42064175612666	1.95459676966527e-08	1.40855711677204e-07
SLC16A11	5.58975677506775	2.46666021711367	-1.18022651117653	6.42674344567299e-12	9.55167878434253e-11
SERPINB3	6.76285318428184	16.0145807790549	1.24368209297782	0.000250919876029536	0.000725394135374497
AL162511.1	6.6458891598916	2.58659227330779	-1.36140957324468	4.16729480573911e-16	1.49412555416489e-14
PLPP4	1.35378597560976	3.23506590038314	1.25679542451856	4.78411652458223e-15	1.37505788836298e-13
FHOD3	1.7852039295393	5.0330027458493	1.49533049759991	7.99615284849938e-12	1.16258446390097e-10
KRT17	52.5023431571816	231.759048148148	2.14217194828347	2.33881689693148e-08	1.654584500437e-07
AC012213.4	1.14876307588076	2.46536283524904	1.10171870503214	1.35580016488257e-05	5.29797956565011e-05
SERPINB4	1.90914891598916	6.27545178799489	1.71678968746931	1.81662714988104e-05	6.91535234441362e-05
S100A12	2.56482838753388	6.88895721583653	1.42542331969067	0.000566705514746393	0.00150134125585337
ATP13A4-AS1	7.4094885501355	3.63475363984674	-1.02751637905425	4.30754887820695e-06	1.89438460908297e-05
IL20RB	4.31203726287263	20.060319348659	2.21790302256108	1.81674796546947e-09	1.60688862520593e-08
LRRK2	36.1291080623306	17.2037362068966	-1.0704397236309	1.66724268673546e-07	9.85441301143539e-07
AKAP12	10.7688747289973	39.6480750319285	1.88038331645726	1.28069600500393e-07	7.74071005596571e-07
C11orf86	4.93109756097561	11.224427458493	1.18666115537039	5.62284696506203e-09	4.49957137024683e-08
GRAMD1B	1.94222052845528	5.3218537037037	1.45422183147276	0.00647847102037253	0.0127769281284571
CALCA	517.033427168022	179.080187675607	-1.52965182116426	2.80479720967335e-05	0.00010203461392558
ELOVL3	1.5528397696477	3.62038729246488	1.22123506609962	0.0140988591685481	0.0252202989811761
IL1A	1.52671571815718	5.67212918263091	1.89345893994725	6.48125669450888e-06	2.74148802385831e-05
RIC3	1.95274010840108	0.969054533844189	-1.01085019152235	3.45286936244709e-10	3.51741534864876e-09
MUC6	35.2034755420054	16.4283221583653	-1.0995327253286	0.0237058284879723	0.0396442250026303
LAMB3	195.246016192412	400.155598212005	1.03526798093808	2.18230925236214e-18	1.22809629738917e-16
CDCP1	25.9200080623306	56.9239035759898	1.13496843159036	1.09435849037051e-23	1.71439637739214e-21
ADH7	5.24656639566396	1.87396002554278	-1.48528338445004	0.000316707249972915	0.000894174763724471
PDX1	1.08716653116531	2.62573748403576	1.27214973769903	0.0218135670607101	0.0368661791834666
FDCSP	40.5951445799458	18.5956159003831	-1.12634465099077	4.79195634030891e-05	0.000165430472109652
AC027288.2	5.2915237804878	2.53143461047254	-1.06372801126059	2.7530784135128e-07	1.55989835557426e-06
GPR37	2.9218391598916	7.36712956577267	1.33422585204881	7.36410505433522e-10	7.05146761994551e-09
RHCG	1.20110135501355	6.0873819284802	2.34146398670455	0.00292861110587631	0.00637845923347735
LHFPL3-AS2	12.8261169376694	4.24848039591315	-1.59406565274153	5.60497781823768e-16	1.93767314674622e-14
ANXA8L1	1.07198861788618	2.24722043422733	1.06785206053158	3.11467277345684e-06	1.41894275236157e-05
GDF10	5.9795641598916	2.58428582375479	-1.21027469080389	2.31096983859485e-07	1.32800576745955e-06
BEND6	0.987018766937669	2.29540791826309	1.21760113747732	7.43684548233886e-19	4.52165405917449e-17
LINC01842	1.3559539295393	3.26914329501916	1.26960445385821	1.82193818899765e-06	8.75668412616919e-06
ABCA8	3.82831246612466	1.73020229885057	-1.1457678564922	2.63686738427845e-09	2.2410795183391e-08
FAM133A	2.55126504065041	7.43918256704981	1.54393132118814	0.00183340053272923	0.00422656792570974
SLC2A1	44.9695500677507	142.549921328225	1.66444688842205	3.1851684524097e-38	2.76934471094761e-34
ITGA5	31.0540111111111	66.5261833333333	1.09914264028395	5.34224690466334e-20	3.91967643144265e-18
SCARNA5	81.8123772357724	31.3930696679438	-1.38187301721031	0.0291211983462457	0.0474057777609873
SFRP5	3.6458054200542	1.49423825031928	-1.28682736705894	0.00296263887154707	0.00644047097603851
DCBLD2	22.3557553523035	58.3119546615581	1.38314539159005	1.38363117835336e-09	1.2505178045939e-08
DNAAF1	3.9668939701897	1.56729840357599	-1.33972995081868	0.000350578115178345	0.000978366689911128
AL445253.1	2.61486700542005	1.25079763729246	-1.06388917233595	1.03560202181364e-11	1.47365659225183e-10
SCUBE2	11.1426299457995	5.53423505747126	-1.00963395937128	4.31174312150439e-12	6.70634178352771e-11
CLDN2	81.1325824525745	26.2667108556833	-1.62704585412254	3.62231038456639e-09	3.00947707965719e-08
FCER2	2.19835914634146	1.08051717752235	-1.02470509127344	1.84725883521624e-05	7.02139471067199e-05
ACE2	1.380977100271	0.685818454661558	-1.00979076530996	0.000207258477404784	0.000609302818928569
KLF15	13.9581559620596	5.75045817369093	-1.27935954304606	4.58450421319023e-21	4.10927545170953e-19
ARNTL2	7.58022859078591	25.6024521711367	1.75596873604044	7.35713249422708e-29	7.99582355888217e-26
ARHGEF2-AS1	3.49314390243902	1.66708671775224	-1.06719692503535	4.83210233498526e-06	2.10410576260243e-05
FAM83A-AS1	3.33307967479675	8.98645491698595	1.43089629215233	3.29604826657683e-12	5.24862484500957e-11
GTF2IP7	0.558792750677507	1.59022381864623	1.50884462463848	1.10551624051153e-19	7.69054730530298e-18
IGFL1	0.583735162601626	4.13552681992337	2.82468524440303	0.020318729506502	0.0346897458668904
LINC01843	2.15324037940379	5.15510734355045	1.25949308342121	2.50646400436405e-08	1.76243035066261e-07
LOXL2	16.3746245257453	45.156651596424	1.4634766873605	4.23956135585655e-25	1.05316760595699e-22
IGLV1-36	144.526095867209	60.9564750319285	-1.24547862888158	0.00604605783333425	0.0120415645016435
ZIC2	1.30918021680217	2.8758530651341	1.13532625968988	2.61586726056532e-11	3.39849222965936e-10
HMGA1	238.975523509485	561.868661685824	1.23337007478075	4.02499702294182e-24	7.29069512832659e-22
UCA1	0.955819444444444	3.7844030651341	1.98525573181647	0.000256229069647602	0.000738532619277665
CELF3	2.47371361788618	1.23566551724138	-1.0013902165777	1.03810096182008e-05	4.17038812771227e-05
BIRC5	23.7487784552846	49.7380194763729	1.06649575313208	2.5155250762885e-23	3.64520546263173e-21
NEK2	11.5691831300813	23.4226740740741	1.0176187889311	1.13430565431378e-21	1.10192407948952e-19
AL049836.1	1.67080182926829	3.43079393358876	1.03800184665643	0.000200831367844065	0.000592209030937841
TGFBI	76.5385260840108	209.084529118774	1.44982829177192	3.00714508369432e-16	1.12454292172818e-14
RAD51	4.94764058265583	10.4544793103448	1.0793086038748	1.96791597165541e-29	2.63231467931661e-26
AUNIP	2.54414078590786	5.47115351213282	1.10466652839281	2.969187426276e-22	3.33104517132344e-20
CHST4	1.99281131436314	4.00049808429119	1.00537451700648	8.41854310069587e-06	3.46336271281426e-05
WIF1	103.872372696477	23.003595146871	-2.17488072916414	4.15304037780743e-13	7.86679946946551e-12
AC023421.1	23.7667686314363	2.68999782886335	-3.14326885197198	1.89047297984071e-16	7.32147764954345e-15
PTPRH	8.19650365853659	17.9165423371647	1.12821169975044	1.70804188294056e-17	7.89891133072436e-16
LINC01116	2.00194986449864	5.09881666666667	1.34875662054564	5.7040959977276e-10	5.59438947007813e-09
LINC02866	15.794287804878	6.13523512132822	-1.36421234599932	4.80933906249983e-05	0.000165898823562407
FOLR1	457.31842296748	220.669491890166	-1.05131185175159	4.17810770459017e-10	4.1996020159028e-09
SYT13	6.62006409214092	15.2061685185185	1.19973959491364	0.00140272453536143	0.00333679575176469
LINC00973	1.05939579945799	10.0988272669221	3.25287417024146	2.3211426791819e-10	2.4692301434462e-09
CASC15	0.677914701897019	1.40282688378033	1.0491613198975	0.00393197830108464	0.00825962438723856
CRYBG2	2.10494993224932	6.07750874840358	1.52969414681577	4.21106532680788e-17	1.8080546905645e-15
LINC00540	0.616210027100271	1.48904259259259	1.27289095785624	0.00145121238482863	0.00343756057209986
CDCA5	13.2037376693767	28.4825275862069	1.10913079848126	1.86885428081098e-26	7.38579706568685e-24
SCGB1A1	404.458981910569	128.265009897829	-1.65686573602183	0.000407394351865525	0.00111632215326026
PPP1R3G	1.43033949864499	2.95498850574713	1.04679489970121	4.30544208562632e-18	2.24826824104973e-16
MMP3	2.27900779132791	5.70025102171137	1.32261959577	3.55853984649038e-06	1.59359900568172e-05
SERPIND1	34.530875203252	13.1179243933589	-1.3963474354665	0.0189525559869494	0.0326885534672747
C16orf89	573.767962195122	216.600281736909	-1.40543229428625	1.39619043361171e-20	1.10860070548283e-18
AC022497.1	2.65168936314363	1.31129137931034	-1.01592347885299	3.50508888054405e-16	1.29405500092952e-14
RNU6-759P	1.48336063685637	0.697357024265645	-1.08890002701965	0.0139806822616115	0.0250474020036227
C6	3.60736653116531	1.65932701149425	-1.12034778436664	5.59948302278035e-05	0.000190026171512739
NEIL3	3.81206646341463	7.74202132822478	1.02213700919726	4.51528747639586e-17	1.92442628503213e-15
UHRF1	6.84446598915989	14.715374201788	1.10431433874345	8.09338761216242e-29	8.27858336399367e-26
FAM216B	9.03786673441734	4.18850561941252	-1.10954667519419	0.00391262857673661	0.00822492028571085
RSPO2	1.70179762872629	0.760055363984674	-1.16288307109092	7.83165481948922e-11	9.19553771009996e-10
NT5E	38.4393215447154	79.9708719029374	1.05689174461154	1.06733496471489e-10	1.21624427925473e-09
CYCSP6	2.04555406504065	4.92472796934866	1.26755236671449	8.45282705144419e-06	3.47567296281776e-05
MMP10	8.47451666666667	25.201987100894	1.57233449695327	0.00143984254861809	0.00341481825888255
ANXA8	1.09730447154472	2.93080696040868	1.41733405793491	9.74899784385397e-08	6.01849114417144e-07
SPRR2F	0.829123780487805	5.11828282247765	2.62600046511263	0.00305504721396808	0.00661736621869593
NCAPH	5.12233157181572	11.2327462324393	1.13283813980197	1.10486963388223e-25	3.3706277304523e-23
CYP24A1	49.7790033197832	121.730853512133	1.2900856253267	3.25870504008895e-06	1.4756672380757e-05
AL391427.1	8.71172594850949	4.21507343550447	-1.0474008046079	0.00401766485289353	0.00841116953129853
CDHR3	7.38796883468835	2.97588039591315	-1.31186123646411	1.88244267628912e-08	1.36107360625665e-07
LRRC66	0.680438143631436	1.89824278416347	1.4801286018335	0.000129828821797626	0.000401492687575835
FBN2	0.807891802168022	3.58480849297573	2.14966205313249	5.72436559156368e-05	0.000193924457745997
LINC02323	0.686110569105691	2.0550162835249	1.58263682999752	2.88377608064496e-10	2.98310423952024e-09
CDA	32.2647203929539	105.924853320562	1.71501170272133	5.24374530480015e-16	1.83467780895714e-14
S100A7	4.40440176151762	43.3063994891443	3.29756225113097	4.54698128177875e-08	3.02245632679093e-07
CLCNKA	1.68411666666667	0.596436590038314	-1.4975514125909	3.09906583040655e-08	2.1275031869301e-07
FOXE1	1.63499715447154	6.22070740740741	1.9277905254348	5.52410195904287e-07	2.94477648576936e-06
AL136452.1	3.39305982384824	1.41510817369093	-1.26167452701545	1.49765708697044e-08	1.10631941738866e-07
KRT20	1.90026063685637	65.4952846743295	5.10712182862512	0.0148598929744525	0.0263699029424181
GJB2	26.9100922086721	76.6032337164751	1.50925796068212	7.35274707689617e-21	6.20664654952172e-19
EPS8L3	4.0779783197832	9.41437975734355	1.20701194423546	0.00218644473388887	0.00493767369838877
RRM2	12.0679858401084	29.9160712005109	1.30973581347256	1.92897924576201e-34	1.11810067015185e-30
LINC01765	2.84550962059621	1.24763595146871	-1.18949002654312	0.00255966335169116	0.00567367571989262
PLA2G1B	37.4004363143631	11.2676074074074	-1.73087389825156	4.10805860407899e-15	1.1985743467505e-13
SELENBP1	277.611355623306	122.31703614304	-1.18244122782863	2.41672579390504e-18	1.35126832251494e-16
AL138760.1	1.41086212737127	3.42993199233716	1.28160295994658	0.00240233170110727	0.0053618464831927
ASPH	47.1581222222222	97.4581477011494	1.04727652965218	1.73965116067433e-15	5.51016284753478e-14
AF127577.3	0.784498441734417	2.1163837164751	1.43175873610452	0.00386377029702294	0.00813304705180147
DNAH12	1.45474037940379	0.580157407407407	-1.32624541694067	0.000326592721401484	0.000918802917400163
TMEM163	25.6611980352304	12.3167358876117	-1.05896855486707	1.48280035358165e-14	3.84268485073492e-13
Z99496.1	4.40681063685637	0.256841634738186	-4.1007839131463	0.00167200165080533	0.00389842272805764
ERVMER34-1	2.7351683604336	6.56189750957854	1.26248342120826	7.40341531455752e-05	0.000243822135090462
PLEK2	26.4730560298103	55.9310457854406	1.07912455766111	1.04572511501689e-19	7.45250574796258e-18
SLC10A2	3.50819410569106	1.16343569604087	-1.59233709908661	5.06626810224286e-05	0.000173967883155413
DSG3	1.08348570460705	3.29681104725415	1.60539108425769	2.45759817885628e-05	9.06366378200039e-05
KRT6B	4.44966077235772	9.90810523627075	1.15491383796134	2.17826386868275e-09	1.89105493821889e-08
ITLN1	158.718439295393	1.68505083014049	-6.55753382296557	2.41569260630954e-09	2.07952865005528e-08
SCNN1G	20.4730091463415	9.41715881226054	-1.12035940215011	3.11598067365074e-13	6.04729776050365e-12
GNG4	5.06599735772358	10.1338648148148	1.00026625893536	1.93060207996646e-06	9.22543753192657e-06
TMEM158	4.52271639566396	10.9752888888889	1.27899747716514	6.96455721516896e-16	2.37930619674996e-14
SHOX2	1.19649959349594	2.57536513409962	1.10595708471643	8.38668445565862e-11	9.7679876757835e-10
HSD17B6	49.8773103658537	22.7307796934866	-1.13373649872447	1.96377043566253e-07	1.14360362041982e-06
NDC80	7.47566998644986	16.5635012771392	1.14773288147947	1.95211651059663e-25	5.47505709722013e-23
NELL1	8.78906124661247	3.92727688378033	-1.1621797648219	1.00949360030083e-07	6.21823741255088e-07
CENPA	7.51039491869919	15.5171630268199	1.04690414046044	1.43448208200018e-24	3.04197669803672e-22
KCNE4	25.7078462059621	12.1879866538953	-1.07674892141066	0.000940139503973849	0.00235359715441999
KIF11	11.5211069783198	23.7260184546616	1.04219067581026	8.42105249369603e-27	4.1707668242559e-24
AC245041.2	1.50305630081301	3.46563882503193	1.20522226035132	6.04208108115023e-07	3.19501116096847e-06
AL513548.4	3.0107147696477	1.39991685823755	-1.1047648885573	3.86804795219324e-05	0.000136625082943357
CD109	6.68095426829268	20.9777227969349	1.65073198834619	2.4704480599598e-24	4.61920659297215e-22
PLA2G2A	50.3147663279133	9.61799150702427	-2.38717430550415	0.000589405348487195	0.00155691472046845
TCN1	32.1788428861789	96.5490166666667	1.58514911632094	1.3951544354785e-07	8.36275094055003e-07
PITX1	9.53955189701897	21.3638187100894	1.16317614194042	5.3115159372917e-14	1.22495955747434e-12
AC068587.2	4.87687317073171	2.18537611749681	-1.15807485541834	6.43132243415798e-06	2.72169057696698e-05
KIF18B	6.28545514905149	13.6321896551724	1.1169281885225	2.84208677503026e-24	5.25755818414906e-22
AC236972.3	2.80399139566396	1.00905478927203	-1.47447741082114	7.58240805924227e-11	8.93355921627424e-10
RXRG	2.41660277777778	1.16683748403576	-1.0503767157818	5.96612211814024e-11	7.23969975661833e-10
KRT6A	45.1916504742547	179.972993103448	1.99365227807626	7.28076849614857e-13	1.30925835966419e-11
AL355796.1	9.0180852303523	4.36907796934866	-1.04549229307352	4.18923022738936e-05	0.000146690544551095
CDH26	8.76437933604336	3.24379961685824	-1.43396722680802	1.80919064003438e-17	8.21410340458429e-16
CPA6	2.18961341463415	0.919008301404853	-1.25252637993777	0.00229199760018099	0.00514198764927716
TENM1	3.74493753387534	1.58915178799489	-1.23668472408159	1.9509736151684e-07	1.13691287513952e-06
GATA6-AS1	1.5562756097561	0.687561813537676	-1.17853625168988	2.91734975484082e-06	1.33679487330577e-05
TWIST1	2.97017567750677	6.66190038314176	1.16538551634928	2.8232961000329e-10	2.92576256754899e-09
C1QL2	8.73821077235772	1.63930491698595	-2.41425367892062	1.40815026486337e-08	1.04463843667701e-07
IQGAP3	10.6009440379404	22.1814045338442	1.06515797456562	5.12185894897248e-26	1.74635304438593e-23
LHFPL3	2.64018177506775	1.04972713920817	-1.33062289203554	2.6187782522942e-18	1.45488610316753e-16
CENPI	2.85892303523035	5.86978550446999	1.03783600303839	5.07353899221866e-23	6.94675350674727e-21
CCDC60	1.76322906504065	0.734653001277139	-1.26308502292758	1.38498528986269e-07	8.31325826904464e-07
TRIP13	14.9813404471545	30.4573245210728	1.02362250205166	2.8568126580137e-20	2.1884191766608e-18
GGT6	20.5137648373984	9.70963282247765	-1.07910364502713	1.93280438792562e-15	6.06670315914054e-14
SCARNA21	30.3242572493225	12.4106826309068	-1.28888983804324	0.00491203054113933	0.0100323348696114
LINC01559	0.971833604336043	3.60087439335888	1.88956605159491	4.50207791845432e-05	0.000156354369730382
KIF20A	11.7365305555556	23.8708619412516	1.02424466560114	1.27186806802345e-26	5.67090098329738e-24
CD70	1.76102716802168	3.59224061302682	1.028466820603	0.000993409157008946	0.00246706538577957
B3GALT2	3.99136185636856	1.81801762452107	-1.13451489372322	1.99268990269897e-14	5.03646580203959e-13
HOPX	220.939640379404	100.733899233716	-1.13310302173136	1.60665832910606e-08	1.17832904617568e-07
PLCD3	5.92148014905149	12.9247731162197	1.12610920947063	1.20829781746203e-17	5.75646321858829e-16
CIP2A	4.6109722899729	9.96348965517241	1.11158013069728	1.83093542352221e-24	3.65955587122158e-22
PLA2G4F	12.2211609756098	4.88335440613027	-1.32343695410086	3.30847413814928e-16	1.22667498482469e-14
REG4	8.24428800813008	104.178968326948	3.6595253399475	0.0029535772324073	0.00642157470546768
CXCL11	11.2340618563686	22.6231139208174	1.00991786861179	7.84362154983094e-06	3.25364349069681e-05
TMEM229A	3.42085250677507	1.10062362707535	-1.63603469788255	1.10527724623738e-08	8.32380512551832e-08
CFAP100	2.05607588075881	0.918464303959132	-1.16259795175906	0.000984568696187959	0.00244825755155333
PRSS3	1.68419512195122	10.0942781609195	2.58340655140147	4.19106165104211e-09	3.44253051724002e-08
SLCO4A1-AS1	0.799436991869919	2.57931353767561	1.68993091935835	1.98552195947474e-09	1.74111151554747e-08
SBK3	0.559949322493225	1.4679972541507	1.39048110076442	2.48346408079885e-09	2.12733777837494e-08
FAM181A	1.80378136856369	0.628582950191571	-1.5208494382118	6.28626069389557e-14	1.43265776154849e-12
AL359704.2	22.6736825203252	4.31457956577267	-2.39372683584021	2.17980124693524e-09	1.89144530354076e-08
ELF5	12.4008354336043	4.28258339719029	-1.5338840708895	7.41616073804792e-19	4.52165405917449e-17
HLA-G	12.6688059620596	31.8803675606641	1.33138770625486	0.000784524716821813	0.00200619122070802
C20orf85	48.5962327913279	21.2168443805875	-1.19563438201321	0.0188646515544712	0.0325498537289839
C1orf127	1.86223739837398	0.901994572158365	-1.04584634259659	1.01605255188671e-14	2.71399966586144e-13
TEPP	3.27810101626016	1.47920108556833	-1.14804212383215	1.56181420637346e-08	1.14834618328237e-07
MT2A	311.610135094851	637.613989399745	1.03294112503744	1.30869052665548e-10	1.46346106546702e-09
BUB1	8.92482906504065	18.3451945721584	1.03950576317775	2.85878718725234e-23	4.07470904910909e-21
DCDC2B	1.96006334688347	0.919860472541507	-1.09141333110398	0.00215735112640839	0.00488084552915892
RASGRF1	8.20077825203252	3.10211283524904	-1.40250966421489	2.72576647791205e-05	9.95345512062424e-05
IGF2BP1	0.832526422764228	6.47296111111111	2.95885786998642	4.52686440487832e-08	3.01023499565694e-07
STC2	6.61092350948509	15.5539888250319	1.2343608799252	1.13566582751804e-10	1.28568440159044e-09
CDC45	7.49248814363144	17.390903256705	1.21481606506332	7.51543543753316e-26	2.420109385616e-23
PRR20G	0.455579945799458	2.99072592592593	2.71471955855763	3.67592730569063e-08	2.4930070171082e-07
AC005722.2	1.94406016260163	0.858547701149425	-1.17910266844339	3.34314198430132e-06	1.50997132376664e-05
S100A9	1247.60194383469	2584.47240574713	1.05071209317279	8.95832814600242e-06	3.6636022608381e-05
WNT7A	1.09317581300813	4.98696475095785	2.18963656066094	7.51593051013693e-07	3.90016459685978e-06
ARHGAP11A	4.34744390243902	10.0583222222222	1.21015035971692	2.79450362540141e-29	3.47097311015037e-26
ADGRV1	3.26824674796748	1.59628735632184	-1.03379652673613	1.65343981165201e-14	4.25320486461787e-13
MELTF	5.26360291327913	15.590529054917	1.56654732459092	2.33038647533499e-17	1.03639617441433e-15
GSTA1	97.9367197831978	37.7150491698595	-1.37670956954726	1.45725365548703e-10	1.61200530193482e-09
ADHFE1	1.98059559620596	0.913491379310345	-1.11647131740568	4.33320139343446e-15	1.25374440982416e-13
ARL14	3.58171612466125	14.3673089399745	2.00406696040246	2.13897484628403e-14	5.31784889608284e-13
VGF	3.79024058265583	11.9134173052363	1.65222597215944	3.8832097569844e-09	3.20479992710972e-08
CDCA2	3.80795230352304	7.68495925925926	1.01302220339606	2.2177852423786e-22	2.55235106138201e-20
PGC	4628.02952547426	570.022055555556	-3.02130842155693	5.13531800835002e-23	6.97640975368738e-21
TOP2A	44.1677087398374	92.3751409961686	1.06451266876294	5.74370058039829e-25	1.37685107893677e-22
TFAP2A	3.3619506097561	8.04292081736909	1.25842098659439	1.7206856694653e-22	2.07784743793973e-20
TMEM59L	44.824035704607	21.4331639846743	-1.0644277090691	5.175199843927e-09	4.18371095946624e-08
RAD54L	2.58030968834688	5.22568601532567	1.01807621505234	9.79538750768971e-22	9.90302287041956e-20
AC092071.1	13.0914531842818	3.09447164750958	-2.08086024024775	1.67319891890698e-20	1.316527420854e-18
ELANE	2.45798482384824	1.2255945083014	-1.00399427031641	0.000198370998051189	0.000585649114620055
SOX15	3.35499945799458	8.28780810983397	1.30467806689405	3.75343850376658e-05	0.00013292982106313
TMEM171	2.33926158536585	6.50949980842912	1.47649349210234	3.78100914630163e-14	8.92102687178277e-13
PEBP4	90.7932874661247	26.1771069604087	-1.79427997762859	2.30175836234148e-10	2.45403287325297e-09
MARCHF4	0.364544241192412	1.96197739463602	2.42814260314847	0.00875299045712689	0.0166436031775811
TNNT1	20.080233604336	54.0546168582375	1.42864179218497	5.3580563050527e-13	9.9541924239916e-12
FJX1	4.26761700542005	9.30533652618135	1.12462761786947	2.36094077512761e-17	1.04730610047689e-15
CAMK2N1	32.2126343495935	68.2908832694764	1.08406634458339	1.01313569262115e-10	1.16209871761142e-09
ITGA6	26.6591237127371	58.4371134099617	1.13225555606784	5.6102027334288e-08	3.64558353257075e-07
AC125603.1	9.75085230352303	4.05524559386973	-1.26573903799749	1.68505611270464e-08	1.23011925876662e-07
SST	110.71093299458	35.0766268199234	-1.65821577776231	0.000492533180403509	0.00132395416200906
LINC02489	14.4745735094851	5.73027745849298	-1.336843939418	9.93314699429385e-19	5.91532510560876e-17
AC005077.4	1.91478882113821	6.52545721583653	1.76889370129479	5.77417981334716e-21	5.0455885816228e-19
E2F7	1.41536178861789	3.80467867177522	1.42660373889175	8.66236797976776e-24	1.40766482936202e-21
MAGEA3	11.8241065718157	28.2216211366539	1.25506968534742	0.0006253517846679	0.00164015719209504
C22orf15	2.3732451897019	0.952770178799489	-1.31666099554549	0.00874553379982843	0.0166312431370534
SFTPB	10477.2221610434	4254.98802120051	-1.30002928853954	5.29837135422297e-17	2.22008143321887e-15
RPSAP52	0.331618495934959	1.653080651341	2.31756073315867	4.65034981667469e-14	1.08108199147268e-12
AC100826.1	1.74997052845528	0.584762579821201	-1.58140772730713	1.75916856236022e-08	1.27725186350237e-07
BAALC	9.46143502710027	3.60751232439336	-1.391054692009	7.84360645946458e-06	3.25364349069681e-05
SFTPC	1694.94795765583	463.731051213282	-1.86988073972813	2.14109559223618e-06	1.01310234703115e-05
DSCAM-AS1	44.3318705284553	10.6934650063857	-2.05161483083952	0.00698229676955631	0.0136586985918547
PSMD10P2	0.518634349593496	2.00760293742018	1.95268429670177	2.9401389527205e-26	1.11143644019254e-23
BUB1B	5.54125508130081	13.6774690293742	1.30351660350523	7.66207404297813e-30	1.2112345957577e-26
SHCBP1	4.06998719512195	8.92438148148148	1.13272792878894	8.80126540037197e-31	1.91306505058835e-27
LASTR	0.676994105691057	1.53968524904215	1.18542027936106	1.04809634916045e-16	4.18012555402547e-15
LY6D	7.43283990514905	18.7378518518519	1.33397012930895	0.00122458772928837	0.00295960472892223
DDIAS	2.82247825203252	5.73113844189017	1.02185928186349	7.99126687851713e-21	6.64881051437964e-19
A2ML1	0.989336246612466	4.40318544061303	2.15401476528632	0.0201991182550022	0.0345099692804316
ZNF114	2.32194390243902	5.51692701149425	1.24853177636914	2.99788510753379e-07	1.68760842133069e-06
CYP4F3	4.28204342818428	11.4821477650064	1.42302119441819	0.0215130541389093	0.0364433023303939
LYPD3	10.0592209349593	42.9852681353768	2.09532372979755	9.85167772443081e-21	8.00517868925829e-19
ADGRB1	8.16732757452574	2.03622598978289	-2.00396640509159	9.2697722999937e-05	0.000298062593605922
CLEC3B	19.6907857723577	9.22915249042146	-1.09325060705328	3.53893138370076e-12	5.58932587022457e-11
AL513318.1	0.845090853658537	2.12468052362708	1.3300675720686	0.00310204281773227	0.00670329595595209
BMP6	19.3787524390244	8.70354744572158	-1.15480024773188	2.36096518335849e-05	8.74064798241873e-05
RPL13AP17	2.5013087398374	0.81645153256705	-1.61524399226919	1.48008435818882e-09	1.32802822004878e-08
SPC25	6.16250088075881	12.3983768837803	1.00856341176792	3.71294786339053e-23	5.24914230865837e-21
AL354953.1	2.27232852303523	5.00933863346105	1.14044871342155	2.11991792372161e-12	3.50541388327981e-11
S100A8	128.657908333333	309.418897828863	1.26602117314933	3.86298202776643e-06	1.71404425825033e-05
KRT80	33.5103474254743	68.2184782247765	1.02555592851011	3.097123004451e-19	2.03229705375088e-17
MORN5	7.16120684281843	3.43540619412516	-1.05972204834465	0.0137829128681987	0.0247338567456251
AP000695.2	0.837045189701897	2.06703186462324	1.30418321199022	2.88926063545957e-20	2.2035681223687e-18
CCNE1	8.37831307588076	17.9449752873563	1.09884823626528	2.78869182974885e-25	7.46039418884658e-23
TINCR	1.64103292682927	3.51292688378033	1.09806936299242	0.0142183255161855	0.0254077137396927
HSD17B13	5.56294451219512	1.91785280970626	-1.53635671399252	2.87178308849492e-08	1.98638245891684e-07
CCL26	1.74010995934959	3.58644623243934	1.0433765278787	2.05944573556099e-12	3.42041087828749e-11
AL161431.1	1.04709119241192	4.54524189016603	2.11796998051795	0.000650609479424308	0.00169795110876622
SKA3	5.14108123306233	11.3658563218391	1.14456267012899	3.39574489894966e-25	8.81322508176651e-23
ECRG4	6.81363678861789	2.75512266922094	-1.3063084895539	1.44809093025802e-06	7.1032025913277e-06
ANO1	9.41800792682927	19.9529166028097	1.08310580472159	4.340814754094e-06	1.90708508739112e-05
KIAA1671-AS1	1.63776361788618	0.690786781609195	-1.24541476269186	1.56547521814744e-19	1.08454376766398e-17
IL11	1.28479112466125	3.28378409961686	1.35382544487161	2.76521764484933e-13	5.42101123182469e-12
ANGPTL4	45.6430308943089	107.365802426564	1.23406804598547	5.64967935452032e-15	1.59225728194091e-13
KIF14	3.02945447154472	6.68851270753512	1.14262741731524	3.52752384839505e-25	9.02060473525611e-23
NPAS3	2.55350101626016	0.885010408684547	-1.52871030515413	0.0104955079768551	0.0194590455495824
NIPAL4	0.462868970189702	1.56131673052363	1.75408747820213	1.37569784204245e-06	6.78638575185139e-06
AC141273.2	3.14067940379404	1.06595172413793	-1.55893458079767	1.59038235959486e-13	3.2883660940541e-12
CEL	10.8037422086721	3.25516481481481	-1.73072862420954	0.0200919465870118	0.0343471155329874
SP8	1.49313258807588	3.0393588761175	1.02542475249406	0.000594135280816489	0.00156750392931542
C1QTNF6	9.03335657181572	18.1389150063857	1.0057541002737	6.93822067809911e-24	1.16008384011024e-21
FAM166B	8.18947398373984	3.93210893997446	-1.05846749699455	0.0148535863297252	0.0263614056671113
COL12A1	25.4382395663957	57.08888550447	1.16621106466859	6.57507215304307e-13	1.19346481909463e-11
LRRC18	1.70351917344173	0.793740102171137	-1.10177958355058	0.00137763959857515	0.00328583826016866
PLK1	9.57990101626016	20.9263381864623	1.12723722783577	6.24636761408383e-29	7.24120576275358e-26
TENM3	1.3648120596206	2.87821526181354	1.07647219569474	8.61076148127835e-07	4.42080104511217e-06
RANBP20P	1.92457086720867	0.166930012771392	-3.52722152659552	2.37514857789103e-06	1.10906172451523e-05
ANKRD29	12.4433968157182	6.12242937420179	-1.02320423645707	5.20498586323837e-13	9.7009109513239e-12
KRT14	4.1060912601626	28.621325862069	2.80125290779393	1.42614149082103e-06	7.00937659239313e-06
RNU6ATAC39P	1.85094925474255	0.68097809706258	-1.44258504176762	5.14396495750352e-06	2.22896602656438e-05
DKK1	10.3847341463415	37.8666852490421	1.86646485394283	1.0824027837933e-10	1.23018967368508e-09
CRYM	37.8020545392954	16.6520754150702	-1.1827626495797	1.6007501244735e-12	2.67648499177593e-11
AC021218.1	0.675389092140921	1.44206264367816	1.09434305266318	2.09240147383654e-06	9.92221686079727e-06
CXCL5	12.3154638888889	31.8646501915709	1.37148585188269	0.000335840818903571	0.000942533247242446
LINC01711	0.623594376693767	1.53661302681992	1.30107406583723	4.1260825482136e-11	5.15434263152919e-10
PGBD5	1.74767933604336	3.50572030651341	1.00427039590989	2.2561206378884e-06	1.05974288957972e-05
SERPINA4	3.04855562330623	8.1424567688378	1.41733828552141	0.00299021158442165	0.00649391647827002
PLA2G10	36.2896131436314	14.7309232439336	-1.30070882492323	5.42592883240035e-09	4.3661025667103e-08
ORM2	36.8940590108401	13.4701767560664	-1.4536197381852	2.94524312844687e-07	1.66174019339918e-06
APOBEC1	1.08105203252033	5.03531264367816	2.21964539462884	1.48759637411592e-08	1.09982199615228e-07
GJB3	6.02492547425474	29.9042975095785	2.31133752619431	6.90223299249809e-21	5.94172918349254e-19
NAMPTP1	8.2935527100271	17.0659300766284	1.04105689539667	1.68795697555359e-08	1.23171984254727e-07
TUBAL3	0.714960636856369	2.11889578544061	1.56737691314105	1.97276120021692e-05	7.44290399448297e-05
SLC46A2	9.85308021680217	3.97208965517241	-1.31067661590661	1.09768063150432e-10	1.24673863495941e-09
ALOX15	13.3401388211382	3.957787100894	-1.75300776621093	4.10116951821369e-06	1.81141063632761e-05
C8orf34-AS1	7.09117242547425	3.301619348659	-1.10285037830251	2.65128964629874e-08	1.85081290645316e-07
LINC02015	0.506594579945799	1.52229604086845	1.58734540013472	4.55090939099867e-06	1.99334416624876e-05
PMAIP1	21.8985054878049	45.8833406768838	1.06713802174516	3.52244129762612e-17	1.51613197337675e-15
MTND1P23	217.618999796748	83.8162948914432	-1.37650186685891	0.0159194451390208	0.0280469332849476
AC010998.3	2.59209654471545	0.969158429118774	-1.41931502499119	1.73341327271217e-15	5.50042397795473e-14
SLC1A7	28.937548102981	13.9113079182631	-1.0566846205026	0.000778520078979798	0.00199259485488556
AL022098.1	1.52968136856369	0.665959578544061	-1.19972465352019	9.21846223393702e-11	1.06866559857287e-09
AC005291.2	0.459788550135501	1.77075204342273	1.94531976217313	0.000672250200866551	0.00174891662819696
AC106045.1	2.61638008130081	5.88846008939974	1.17031826320565	1.59849943812104e-06	7.76174856426293e-06
AC009244.1	5.55031090785908	2.30532100893997	-1.26760093261902	6.38762199902439e-13	1.16674746786802e-11
FYB2	3.06541395663957	1.40943595146871	-1.12096399060256	9.09211567679976e-12	1.30663470664356e-10
DUOX1	23.7634245257453	9.75448754789272	-1.28460476866764	1.73009066719107e-08	1.25982188491564e-07
AC113346.1	0.634585501355014	1.67101494252874	1.39683816942896	3.54116708687776e-11	4.48161240711189e-10
AC008703.1	2.48367865853659	1.12853275862069	-1.1380302307947	0.00028748749112642	0.000818804606661162
SFTA1P	33.5495693766938	10.942304789272	-1.61637760240072	2.56673944845995e-13	5.07193548514433e-12
NXF3	1.6918710704607	0.703284035759898	-1.26644025739749	0.0237811380145426	0.0397561418979449
ASPG	3.28718306233062	1.16543856960409	-1.49597884009418	0.00974223352425669	0.0182457251198271
CASC8	0.831229674796748	1.81240121328225	1.12458329744384	2.56829957260017e-08	1.80153938152256e-07
DNER	3.89282628726287	9.61184993614304	1.30399615716645	0.000376636239633357	0.00104338498820845
TREML3P	1.60138428184282	3.92579176245211	1.29366409849067	5.41334389773134e-05	0.000184500218389838
DIAPH3	2.29737703252033	4.86838205619413	1.08345474783121	2.37099293077662e-25	6.44206188644916e-23
ANPEP	27.834543902439	63.1647959131545	1.18224427149734	0.0036856088778018	0.00780621836493246
HBQ1	0.597592276422764	1.75939303959132	1.55784440240101	0.0110169318160907	0.0203239367016763
SPRED3	1.32264823848238	2.86366730523627	1.11443446873074	8.99671626116741e-18	4.38218204665098e-16
MFAP5	4.03275006775068	11.5749432311622	1.52116921617915	2.56070208170796e-06	1.18868255469353e-05
AC090181.3	2.64527486449864	1.32246155810983	-1.0001918512314	0.0255864511351432	0.0422892349549269
SERPINE2	9.23838441734417	20.5871485951469	1.15603154023807	2.34118122867087e-07	1.34359077179399e-06
AL139041.1	3.31485386178862	1.56995089399745	-1.07822583505992	1.02145127995106e-14	2.72006375299678e-13
AC078899.3	1.69584701897019	0.845227011494253	-1.00459525307401	0.000945729863888367	0.00236588931134438
PRR11	6.79095718157182	15.3576981481481	1.17727515640262	1.22531275348668e-28	1.12141913001999e-25
G0S2	64.4194916666667	163.747046551724	1.34589970390697	4.82916904819927e-08	3.19537369022592e-07
GAP43	0.759660636856369	2.17672043422733	1.51872915523083	9.79562435786365e-11	1.12880127209338e-09
MIR4483	5.48047655826558	1.77609891443167	-1.62558941864816	2.97456349490705e-06	1.36010214601469e-05
SPTB	4.51048529810298	10.1033450191571	1.16347844876682	0.000854399357129182	0.00216481984881507
IRX1	4.25074959349593	2.01961347381865	-1.0736380666144	0.000611957118841433	0.00160963883520401
SFTPD	214.10225304878	80.2651558109834	-1.41545424228521	2.5370800589183e-11	3.30714281443256e-10
BCL2L10	1.21654627371274	2.92612503192848	1.26620021942256	1.38298116537176e-07	8.30409512591489e-07
LINC00519	0.7243222899729	1.48654246487867	1.03725699820398	4.99263034446579e-07	2.68782814426983e-06
GSTA3	1.59027235772358	0.781010600255428	-1.02585983501898	7.69070246366411e-06	3.19860380628211e-05
CYP4B1	162.065691666667	44.3620508301405	-1.86918074625194	2.48243976010528e-18	1.38356233937406e-16
SERPINB7	1.0540343495935	3.15955344827586	1.5837987879489	1.41517959721903e-08	1.04895814220127e-07
FAM83B	0.811778997289973	2.60207765006386	1.68050509539446	3.40290722809031e-10	3.47464203107824e-09
TCF21	4.39697066395664	2.18382509578544	-1.00965259275973	2.23691637382998e-05	8.32749707226066e-05
TOGARAM2	1.71778069105691	0.847420178799489	-1.0193964717269	0.00260175666132059	0.00575379382665275
AL031777.1	1.55010352303523	3.27848767560664	1.08066590301555	0.000339912411761866	0.000953190925355118
IGHV1-45	32.6829863821138	16.1816839719029	-1.01417806276331	6.23017812375022e-05	0.000209022896766144
ELFN1-AS1	1.66608130081301	3.90920619412516	1.23041688019271	0.00827457484136088	0.0158297546392666
